;;;;;;;;;;;;;64;;;;;;;;;;;;;;;;;9&&(
;;;;;;;;;;;31&&;;;;;;;;;;;;9<;;;;622
;;;;;;*;-,;&1'&9;;;;;69;;;-;;0;;74&/
;;;,;;;8%,)1;/+;1;);;;;;(1;4;;;1-4/0
;;;;;;;;;;;;;45;;;;;;;;;;;;;;;;;;462
;;;;;;7;;;;;;+5;+;711;;;;.7;;;;4;441
;;;;;;;;;9'8;30;;4;;;;;&1;1;;;;;;63,
;;;;;;&)+;;&;2';&;;;;;;;;/6;(6;;/241
;;;8;;8;;;;;;52;;;;;;;;;5+&&&&&&&&&&
;;;;;;;;;;;;;54;;;;;;;0;;;/;;;&;;6&3
;;;;;;7;;5;;;45;;;;;;;;;;;;;;;;;;642
;;;;;;;;;;;8;44;;;;;;;;;;;;;;;;;;663
;;;;;;;;;;;;;44;;;;;;;;;;;;:;2,;;462
;;;;;;;;;;;;;65;;;;;;;;;;;;;;;;;;662
;;;;;;;;;;1;;55;;;;;;;;;9;;;;;;;;&)(
;;;;;;;;;5;;;44;;;;;;;;;;;;;;;;:;662
;5;;;;;;;88;720;;;;;;;;;;;;94;;/622)
;;;;;;;;5;3;:0-;;;;;;;;;;;;9;;;;9462
;;;;;38;;;;;,5.;;;;;;;;;;;;;;5;;5263
;;;;;;;;;;;;;55;;;;;;;;;;;;;;;;;;662
;;;;;;;;;;;;944;;;;;;;;;;;;;;;;;;422
;;;;;;;;;;;;942;;;;;;;;;;;;;62;;;&6&
;;;;;;;;;;;;;56;;;;;;;;;;;;;;;;;6442
;;;;;;;;;;;;;4.;;;;;;;;;<;;:;;;;;642
;;;;;;;;;;;1844;;;;;;;;;;;;;:;;;;242
;;;;;;;;;;;;;43;;;;;;;;;;;;:8;;;;243
;;;;8;;;;;;4;'4;;;;;;;;;;;;;;;;;;642
;;;;;;;;;;;;;51;;;;;;;;;;;;;;;;;;662
;;;;;;;;;;;;;54;;;9;;;;;;.;;;;99;64/
;;;;;;;;;;;;;*1;;;;;;;;;;;;;;,9;;453
;;;;;;;;3;/76.%;;;7;;4;;;;6;;;;;;663
;;;;;;;;;;;;;65;;;;;;;;;;;;;;;;;;442
;;;;;;;;;;;;;55;;;;;;;;;;;;;;;;;;663
;;;;;;;;;;;;;5.;;;;;;;;;;;;9;;;;;462
;;;;;;;;;;;;;64;;;;;;;;;;;;;;;;;;422
;;8;;;;;;9:;;02;;;;+;;7;;;;-;7;;4423
;;;8;;;;-;;;;22;;;;;;;;;;;;;;9,9142/
;;;;;;;;;;;;;44;;;;;;;;;;;;;;;;;;662
;;;;;;;;;;;;451;;;;;;+;;;;;;7;;;;4-3
;;;;;;;;;;;8;'4;;;;;;;;;;;;;;.;99642
;;;;;;;;;;;;;54;;;;;;;;;;;;;;;;;;46/
;;;;;;;;;;7;;42;;67;-;;;;;;;7;;(;.2*
;;;;;;;;;;;;;54;;;;;;;;;;;;;;:;99663
7;;;;7;;10;:1-2;;;;;;;;9;;;6;;1;;412
;;;;;;;;;:;;524;;;;;;;;9;;);2;;9;162
;;;;;;;;;:49;02;;;;;;;;9;;;;;;;;;643
;;;;;;;;;;;;;55;;;;;;;;;;;;;4/46;442
;;;;;;;;;;;;;54;;;;;;;;;;;;&&(+1+&&&
;;;;;;;;;;;;;55;;;;;;;;;;;;;;;;;;462
;;;;;;;;;;;;.54;;;;;;;;;;9;;;;;;;4/2
;;;;;;;;;;;;;45;+;;;/;;;;;;;7;;.;643
;;;;;;;;;;;;;44;;;;;;;;;;;;;;98;9442
;;;;;;;;;;;;;56;;;;;;6;;;;;;;;;;;462
;;;;;;;;;;;;;54;;;;;;;;;;;;;;;;;;643
;;;;;;;;;;;;955;;;;;;;;;;;;;;;;;;243
;;8;;;;;;;;;;54;;9;;;;;;;;;;;;;;;662
;;;3;;;88/;;;54;;7;;;76;;(4;6;*;;000
;;;;;;;;7;49354;;;7+;;;;;;;;;;7;;643
;;;;;;;;;;;;;55;;;;;;;;;;;;;;;;;;643
;;;;3;;;5;8;725;;;;;;;;;;<;8;;;;;/62
;;;;;;;;;;;;;55;;;;;;;;;;;;;;;;;;462
;;;;;;;;;;74;5.;;;;;+;;;;;;;;3;;4663
;7;;;;;;;5;;154;;;;;;;;;;;:;;;;89422
;;;;;;;;;;;;;54;;;;;;;;;;;;;;;;;;242
38;;8;;;;;*;,4267;;;;7;.;;&&&&&&&&&&
;;;;;;;;;;;4;55;;;;;;;;;;;;;;;;;;662
;;;;;;;;;;;;;44;;;;;;;;;;;;;;;;;;643
;;;;7;;8;;;;;50;;;;;;;;;;;;;;;;;;642
;;;;;;;;;:;;14-;;;;;;;;;;;;;;;;;;412
;;;;;;;;;;;;;54;;;;;;;;;;;;;;;;);242
;;;;;;;;;;;9;02;;;;;;;;;;;;;;;;;;642
;;;;;;;;;;;;;6&;;;;;;;;;;;;2;;;;;662
;;;;;;;7;;:;;4599;;;;;;;;;;;;;;;;442
;;;;;;;;;;;;;54;;;;;;;1;;;);1;;;7&&*
;;;;;;;;;;;;334;;;;;;;;;;;<;;;;;;462
;;;;;;;;;;;;;42;;;;;;;;;;;;8;;1;9442
;;;;;;;;;;;;544;;;;;;;;;;;;;9;;2,4&3
;;;;;;;;;;;9;54;;;;;;;;;;;;;;;;;;453
;;;;;;;;;;;;;55;;;;;;;;;;;;;9;;;;662
;;;;;;8;81;;;0-;99;;;9;;;;;;;;;;;44/
;;;;;;;;;;;;;44;;;;;;9;;;;;;9;;;;662
;8;;;;;;;;;;:02;;;/;;;;;6;;;4;*.;42(
;;;;;;;;;;;;;65;;/;;;7+;.;2;0;;;;&&(
;;;;;4;;;;;;255;;+;;3;;;;;;&&1+2&&&,
;;;;;8;87;;4;50;;;;;;;;;;;<;;99:9622
;;;;;;;;;;;;*44;;;;;;;;;;;;;;;9;&61*
;;;;;;;;;;,;;45;;;;;;;;;;;;;;;;;;442
;;;;;;;;;;;6;1*;;;;;;;;;;;;;;;;;;44*
;2;;;;;;;;;;:44;;;;;;;;;;;;;;;9;;642
;;;8;;;;;;;;;54;;;6;67;;;;;;7;;-;440
;;;;;;;;;;;9;54;;;;;;;;;;;;;;;;&;442
8;;;;;;;;;;;;55;;;;;;;6;;;;7;;9;;663
;;;;;;;;;;;;;55;;;;;;;;;;;;;;;9;:462
;;;;;;;;;;;;;55;;;;;;;;+;&&&&&&&&&&&
;;;;;;;;;:;;;25;;;;;;;;;<;;,;;,2925/
;;.6;;;;;4;;-4*;;/;;;;;)3;;/;;;;-.(3
;;;;;;;;;;;;;54;;;;;;;;;;;;;;;;;;443
;;;;;;;;;;;;:42;;;;;;;;;;;;9:;9;;44)
;;;;;;;;;;;;;45;;;;;;;;;;;;;;;9:;643
;;;;;;;;;;;;;44;;;;;;9;;;;;;;;;97443
